Case #1:
1000000000011001 3 11 10 3 3 3 3 3 3
1000000000101101 11 1011 102 23 21 15 14 13 12
1000000001001001 3 11 10 3 3 3 3 3 3
1000000001001101 5 101 12 11 10 5 5 5 5
1000000000011111 3 11 10 3 3 3 3 3 3
1000000000001101 3 11 10 3 3 3 3 3 3
1000000001100111 3 11 10 3 3 3 3 3 3
1000000001110011 3 11 10 3 3 3 3 3 3
1000000001100011 23 10111 212 113 43 35 32 27 25
1000000001001111 3 11 10 3 3 3 3 3 3
1000000001110101 5 101 12 11 10 5 5 5 5
1000000000101001 7 111 21 13 12 11 10 7 7
1000000000111011 17 10001 122 101 32 25 23 21 18
1000000001101111 7 111 21 13 12 11 10 7 7
1000000001000011 3 11 10 3 3 3 3 3 3
1000000000010001 5 101 12 11 10 5 5 5 5
1000000001000101 7 111 21 13 12 11 10 7 7
1000000001111011 31 11111 1011 133 111 51 43 37 34
1000000001011001 11 1011 102 23 21 15 14 13 12
1000000000101111 5 101 12 11 10 5 5 5 5
1000000001010011 7 111 21 13 12 11 10 7 7
1000000001010001 107 1101011 10222 1223 412 255 212 153 128
1000000000111001 5 101 12 11 10 5 5 5 5
1000000001011111 59 111011 2012 323 214 135 113 73 65
1000000000100111 53 110101 1222 311 203 125 104 65 58
1000000000110011 37 100101 1101 211 122 101 52 45 41
1000000000000101 13 1101 111 31 23 21 16 15 14
1000000001110001 131 10000011 11212 2003 1011 335 245 203 155
1000000000000111 3 11 10 3 3 3 3 3 3
1000000000111101 3 11 10 3 3 3 3 3 3
1000000000010011 3 11 10 3 3 3 3 3 3
1000000001010111 5 101 12 11 10 5 5 5 5
1000000000101011 3 11 10 3 3 3 3 3 3
1000000001101011 5 101 12 11 10 5 5 5 5
1000000001100001 3 11 10 3 3 3 3 3 3
1000000000110101 23 10111 212 113 43 35 32 27 25
1000000000110001 3 11 10 3 3 3 3 3 3
1000000001111101 7 111 21 13 12 11 10 7 7
1000000001011101 17 10001 122 101 32 25 23 21 18
1000000000110111 3 11 10 3 3 3 3 3 3
1000000000001001 73 1001001 2201 1021 243 201 133 111 81
1000000000010111 11 1011 102 23 21 15 14 13 12
1000000000011011 5 101 12 11 10 5 5 5 5
1000000001010101 3 11 10 3 3 3 3 3 3
1000000001111001 3 11 10 3 3 3 3 3 3
1000000001101001 71 1000111 2122 1013 241 155 131 107 78
1000000000100101 3 11 10 3 3 3 3 3 3
1000000000000001 3 11 10 3 3 3 3 3 3
1000000001011011 3 11 10 3 3 3 3 3 3
1000000001101101 3 11 10 3 3 3 3 3 3
