99
2525 1
2400 5
300 2
120 60
60 90
416004300 1
15636184 9805
925620884 1
463626686 7851
910544531 1
346352044 3483
1000000000 2
2 2
1 3
913512054 1
715632674 4029
983827919 1
839058182 5273
732447819 1
32940972 8429
909715531 1
354628253 9034
899333057 1
513743928 8462
100331112 1
38942049 5637
1000000000 2
999000000 1
998000000 1
275675361 1
206169752 3719
1000000000 2
999999996 3
999999997 2
944837342 1
930759559 6928
43740949 1
931593 1088
571464578 1
330208811 1192
624323823 1
420124205 2815
247918195 1
45938588 6150
715390896 1
288894564 2799
1000000000 1
999999999 10000
1000000000 2
100 10000
200 10000
294985688 1
264264371 3251
638146262 1
26037267 9731
18012230 1
16466449 6565
215326479 1
124181929 6162
180608701 1
124740454 1577
1000000000 2
999999998 2
999999997 3
144497352 1
45368019 9013
291784374 1
189875879 6309
248562895 1
216121157 2901
354896547 1
264884770 2392
543648473 1
48458610 1755
1000000000 2
998000000 10000
999000000 10000
2 1
1 1
884361179 1
463689506 7118
970535636 1
818051705 5482
1000000000 2
12345675 3
12345676 2
2 1
1 10000
370881807 1
8027196 2128
733052707 1
696600425 6974
257537116 1
181650884 399
104023558 1
42846448 6625
256059325 1
173860733 7729
132637415 1
18818438 3655
200000 2
5001 1
5000 10
59315221 1
48984242 7701
76112272 1
11624836 1173
1000000000 2
999999999 2
999999998 3
793816105 1
6400137 2757
96205027 1
70725762 329
789134427 1
119897817 1053
881219254 1
318445390 6072
461411434 2
433774713 774
249618029 5184
264295523 1
247617904 1396
46065515 2
34566031 8918
42727368 8333
983806143 1
402104172 5232
48575985 1
45064519 8293
153181542 1
151888493 8873
644555654 1
328511770 6577
688016381 1
424697066 3004
464812569 1
274647443 1903
505607391 1
481909042 4067
20649295 1
15598408 5616
138501263 1
57964314 197
42168498 1
7162268 3967
552726275 1
454856716 983
41991076 1
14006397 6671
351961224 1
344036102 2281
521068320 1
33724105 8992
415485494 1
145265593 6961
313870102 1
272965292 3904
62612504 1
51034198 713
1000000000 1
1 10000
378351990 1
177389621 7569
609190296 1
427948689 3389
492106474 1
229814189 8220
359249198 1
356984799 4269
828255567 1
628288526 9194
971854202 1
687366886 9366
220428586 1
46962182 4401
290359307 1
230906422 8758
845985410 1
413350711 2268
727376521 1
590350496 7127
837051354 1
50791169 3885
952194927 1
869989449 3693
559572375 1
139527694 9865
977751796 1
68540891 2611
1000000000 1
999999999 1
532110394 1
433642461 7414
1000000000 1
1 1
695415029 1
273176330 2520
961909922 1
108143564 9370
376063907 1
17171737 7843
38964906 1
33228050 8350
287800687 1
220735669 3515
392069467 1
10422436 266
699239044 1
333716186 4565
