100
2 1
500 300
900
660
2 1
500 300
1500
809
2 2
50 100
450 449
1100 1101
2 1
500 300
300
500
1 8
10
11 13 17 11 16 14 12 18
2 5
10 9
8444 16000 6646 10250 13500
9795 14850 14400 7875 6286
1 4
3
1976 2034 2256 1917
2 8
9 5
1800 7686 5831 6300 3240 2795 869 4362
1545 502 2200 3180 3500 2394 4073 1000
1 2
306119
719031 853932
2 1
10 3
938
278
2 8
9 4
22500 22500 20250 21382 23312 21765 20365 20250
11000 10297 9539 10000 11000 9434 10295 10000
2 3
6 8
526 660 540
880 878 720
2 4
9 6
7290 8545 8100 7425
5281 5940 5400 5365
2 6
1 5
1 1 1 11 1 1
5 5 45 5 5 5
1 6
7
15400 9450 9503 1272 9100 6964
1 4
1
990 2500 96 767
1 3
7
700 1521 1903
1 5
3
1412 600 1286 990 314
1 3
5
540 1463 1000
2 6
1 5
532 540 208 110 291 400
1068 3300 2644 450 2000 1372
2 8
3 5
3 3 3 27 3 3 3 3
5 55 5 5 5 5 5 5
1 6
7
44 21 7 35 52 63
2 5
57170 101578
622213 255966 978802 965466 972181
998789 439298 845531 998145 977831
1 1
10
4000
2 1
6 2
2255
786
1 6
5
1800 2767 542 1449 2580 1000
2 3
3 7
6652 5400 6210
17710 14860 12600
1 3
1
7 7 11
2 1
8 5
10582
6369
2 5
5 8
5 45 5 5 5
8 8 88 8 8
1 1
9
99
2 6
14742 119426
535698 995117 878540 953742 674055 725260
114117 891424 863795 967777 889097 851108
2 7
5 4
45 5 45 22 32 11 27
44 15 8 4 44 23 25
1 4
7
8022 8400 7560 8352
2 3
3 6
565 900 271
566 1193 1800
2 1
319212 368756
679573
809698
1 5
8
18130 20240 18400 19861 19621
2 2
6 1
9900 9058
1628 1350
2 8
6 2
3000 11667 2370 5070 7020 12431 14520 12755
1000 4002 4533 2860 3960 1684 723 3643
2 8
53361 142085
989456 876637 927035 851782 978555 315150 837910 56154
866748 976819 762491 949869 586009 853285 875799 279406
2 2
364336 384082
872860 969831
643862 909850
2 7
1 1
110 180 313 388 540 720 500
90 660 751 218 368 327 500
2 5
110780 171846
967400 394544 770474 896591 764507
967505 798350 851057 975001 847550
2 3
7 9
10294 10443 9807
12889 12609 13290
2 8
4 6
44 4 8 4 33 36 18 4
6 6 6 54 66 32 12 50
2 8
3 2
5164 4422 4320 4803 4803 4725 5093 5100
3520 3202 3391 3444 3019 3202 3329 2902
2 1
75594 53430
891679
938199
2 8
5 1
5 5 5 5 5 45 5 5
11 1 1 1 1 1 1 1
2 8
5 1
32 35 25 22 9 55 42 18
9 5 4 2 7 4 8 7
2 7
6 10
3240 2165 1244 4512 3143 1800 660
2007 3000 900 3636 7547 5459 6600
2 8
4 4
2800 800 2358 2019 1241 380 1760 2899
3501 800 2280 2800 1440 2122 1307 381
1 2
5
5076 4680
2 6
9 3
17820 12097 7894 7200 9833 7171
7260 2209 4277 2400 2708 3137
2 7
10 9
90 66 110 40 43 60 78
66 37 59 54 36 81 99
1 2
8
14400 12960
1 7
4
8400 8153 8400 9240 8720 7603 7672
1 8
10
2 4 3 5 8 6 7 1
2 8
7 2
5308 1400 18480 736 1400 16100 7812 6300
2303 400 1489 201 2200 4320 3874 400
2 3
6 4
16500 14957 14994
9110 9000 9996
2 5
4 2
4290 4012 3845 3997 3636
2058 2222 2006 1917 2094
1 2
1
402 406
2 8
1 1
1000000 999999 999998 999997 999996 999995 999994 999993
999992 999991 999990 999989 999988 999987 999986 999985
2 2
170648 43485
967233 893485
976372 684362
2 8
3 6
990 921 965 844 990 881 903 917
1725 1695 1620 1843 1950 1715 1620 1806
2 8
2 9
5060 4602 4952 4140 4410 4660 4351 4302
20709 20538 18630 20692 22537 19421 22310 22770
2 5
4 10
5526 6000 6600 6429 5663
14276 15372 15987 13500 15000
2 8
1 7
533 519 456 500 500 550 526 550
3570 3500 3268 3150 3158 3500 3150 3657
1 7
8
10800 3740 20969 4800 8800 16854 12566
2 3
9 7
28 43 99
63 21 36
1 4
5
1567 550 949 2000
1 1
3
4320
1 8
10
48 90 30 64 10 110 10 30
2 5
8 3
5462 9877 2925 12960 13600
5940 3937 1181 1946 5100
1 2
9
43 99
2 8
367185 79570
298942 523074 514947 934388 701255 791778 856118 612683
818637 945192 982848 790889 714759 847883 962613 874617
2 4
8 4
8 8 88 8
4 36 4 4
1 2
321166
873567 782067
1 3
7
16800 16064 13935
2 8
3 7
33 33 12 20 21 23 14 15
53 48 33 28 63 32 50 63
1 5
2
180 3706 827 3422 1400
2 6
277995 241844
933943 657862 931373 753607 969242 910836
844574 347518 621076 749455 790514 928829
1 7
2
717 802 808 738 817 766 726
1 3
1000000
900001 899999 900000
2 6
9 10
4500 4508 4380 4177 4050 4877
4960 5500 5179 5000 5008 4562
2 8
7 10
6572 6507 6034 5670 6300 6141 5672 6286
9688 9767 8637 9656 9900 9458 9000 8285
2 8
5 10
3850 3500 3508 3459 3230 3541 3477 3500
6300 7139 6969 7000 6950 7000 7605 6370
2 8
8 8
60 68 16 72 72 8 37 32
88 16 38 70 58 8 32 88
1 8
5
2608 3850 466 3240 1500 4000 1945 900
1 2
5
1100 479
1 7
3
24 6 16 27 15 27 22
2 5
2 2
1000 2527 3073 4123 2340
1000 2533 3858 3210 2860
2 2
9 10
23682 22417
25518 24486
2 2
458481 22777
834717 366854
482020 593471
1 1
9
3635
1 1
606387
980205
2 1
10 5
30
15
2 4
6 3
5156 5940 6438 8400
2430 4200 3058 2441
2 8
301259 352664
802303 359550 900738 844962 739926 556739 900615 981741
444242 852295 447190 557007 993805 816356 848485 603449
2 6
10 1
31 85 63 70 90 90
8 3 11 7 7 11
1 5
235412
999864 877680 821398 675724 890597
